32 1 3 3
12
-12
-6
-11
-11
-7
2
-15
-13
-20
5
-26
2
-3
-9
-10
-2
-1
3
4
-41
-22
17
43
-34
-4
70
-21
-10
5
6
37
32
-16
11
-2
-52
54
-25
-69
39
-49
-2
-6
91
-40
52
19
-4
-9
74
-4
-42
12
43
23
16
25
-45
-48
42
-4
-23
43
-25
22
23
-64
-14
14
53
4
1
-69
-19
49
41
51
20
29
-69
5
-1
-3
9
-4
2
31
15
4
3
62
30
7
6
35
-21
-37
-43
-35
-35
4
2
49
47
20
-49
35
-18
17
-26
17
27
-56
42
60
-22
6
10
59
-88
-16
95
1
-36
-35
-35
-29
-27
60
56
22
-42
-23
-2
69
-6
-22
12
5
-33
3
45
-45
-60
105
28
-50
16
54
-10
45
-98
-14
-6
-4
-29
5
2
4
36
37
9
2
23
-10
-5
3
-1
22
17
0
5
-3
-18
9
-11
-19
-15
-8
13
-2
-50
-14
24
-35
27
49
-6
-5
-5
-24
13
-6
-6
-7
4
-21
3
4
-7
4
-8
-15
2
-9
-31
5
0
2
-27
-17
-15
2
10
-16
37
-31
7
-23
25
-17
17
76
-50
-34
-3
-19
-9
-2
54
5
-16
53
-11
-5
9
-5
-6
-3
-15
-10
-1
37
22
-14
-5
-20
-28
-42
22
-29
-24
-13
63
22
0
52
-5
-32
-18
10
11
-3
24
-1
-21
-13
-24
-33
-13
-35
51
-24
37
23
-2
-52
42
-41
17
-1
-23
31
1
-19
0
-27
