64
-0.33196267
0.06300867
0.020064358
-0.2253006
-0.10920551
-0.2722681
-0.2958052
-0.14441162
0.83547634
0.2907902
-0.109900445
-0.30334324
0.23588611
-0.031625055
1.115878
0.5864021
-0.49119565
1.6192843
0.052493744
0.59013456
0.26921722
0.6951644
-0.42871463
-0.266185
-0.69521457
-0.19194795
-0.90623444
0.038698435
0.3100387
-0.58113045
-0.4135143
-0.31368935
-0.08171019
0.43644312
0.3885505
-0.7350344
0.38500962
0.00991234
0.7847667
-0.9060088
0.5345387
-0.27567175
-1.0287578
0.1164342
-0.65519917
0.06208989
-0.17317612
-0.34505722
0.25271672
0.43941563
-0.92413414
0.73841906
0.20979412
-0.53435844
-0.7824123
-0.80786973
-0.038235966
-0.65486723
0.046577644
-0.4949296
0.17465273
-0.67431617
-0.12743896
0.4716366
