64
0.37456295
0.6613593
-0.487315
-0.6174998
-0.6629574
0.9634391
0.9032198
0.22838375
0.31288344
-0.49970362
0.2124999
0.1890861
-0.6409214
0.012553668
0.81616455
-0.29052508
-0.31154323
0.4453121
-0.5928975
-0.69156575
0.19701873
-0.13697791
-0.2305821
0.47982126
-0.14447987
0.76441944
-0.05578689
-0.48053974
-0.16362472
0.24034628
0.06291158
0.67699283
0.03143493
-0.37998012
0.15885378
-0.84129477
0.64150715
0.94563574
-0.51586735
0.76892006
-0.787951
0.09588874
0.36629978
0.9838011
-0.1934418
0.5725047
0.41641188
-0.27993456
-0.40198168
-0.028864922
0.39160225
-0.012253962
-0.8683081
0.15393658
0.22284965
0.6293145
-0.35590002
0.27338666
0.3400649
0.01916253
0.28952858
0.00954617
0.06321461
-0.5327922
