1280
-0.09825684
-0.08799696
-0.08592583
-0.09851569
-0.041888975
-0.065581694
-0.10178682
-0.0960379
-0.06679484
-0.06346039
-0.13137215
-0.13314946
-0.13061589
-0.069805816
-0.16953304
-0.11249665
-0.13391697
-0.11784204
-0.12577964
-0.09433989
-0.098272815
-0.07657611
-0.09160683
-0.032129224
-0.06995336
-0.07946248
-0.09607937
-0.104479365
-0.07622192
-0.042972285
-0.16163738
-0.13091438
-0.029459571
-0.09089148
-0.08106765
-0.08593581
-0.1163902
-0.12865901
-0.03832073
-0.160045
-0.13859259
-0.14315818
-0.070910074
-0.032218765
-0.102362834
-0.105061874
-0.17362216
-0.089389846
-0.10756987
-0.08945775
-0.10590727
-0.16166595
-0.08687123
-0.07848126
-0.10398442
-0.09545561
-0.10497614
-0.18526371
-0.06729391
-0.07649504
-0.0967807
-0.056913663
-0.08599074
-0.11014901
-0.07687117
-0.11693449
-0.09298143
-0.102275394
-0.07730465
-0.105593115
-0.090063676
-0.12837653
-0.09056308
-0.07333398
-0.14206721
-0.13447757
-0.16897297
-0.04718052
-0.07015717
-0.071718864
-0.088762574
-0.16337962
-0.107807614
-0.09467628
-0.028385445
-0.08839323
-0.0873441
-0.1260239
-0.11470788
-0.13314277
-0.09381207
-0.13321117
-0.07207777
-0.0999726
-0.11153281
-0.12068529
-0.15066718
-0.06931271
-0.079860315
-0.13000369
-0.11527763
-0.05331787
-0.10530526
-0.08688782
-0.07014959
-0.07696886
-0.06602587
-0.07301456
-0.15683977
-0.0515157
-0.09037004
-0.09374977
-0.13121279
-0.14435886
-0.0856526
-0.093039475
-0.1114338
-0.11320402
-0.14069222
-0.11945082
-0.13207138
-0.069926135
-0.056222066
-0.11926656
-0.18183967
-0.0884493
-0.06240314
-0.12345425
-0.14234771
-0.06525631
-0.1256846
-0.044556256
-0.10931435
-0.05192782
-0.06800401
-0.07954783
-0.08127033
-0.08591132
-0.10694067
-0.0810586
-0.19166523
-0.09566209
-0.057664655
-0.12778161
-0.075908005
-0.13697745
-0.097817294
-0.06999718
-0.18033159
-0.0680705
-0.09902887
-0.093649745
-0.10332521
-0.07806882
-0.08671862
-0.14319389
-0.07455785
-0.07094799
-0.21004222
-0.08180207
-0.093502015
-0.07399534
-0.10536568
-0.104225434
-0.10862547
-0.1510281
-0.17505783
-0.042950083
-0.07913185
-0.070664436
-0.104068734
-0.06267506
-0.14290473
-0.03211098
-0.10025516
-0.05061802
-0.09665687
-0.07745586
-0.08936467
-0.048472725
-0.13525538
-0.08039349
-0.126372
-0.08119194
-0.047150873
-0.090331994
-0.21202101
-0.1402335
-0.09683374
-0.07720595
-0.088665664
-0.058266237
-0.08022282
-0.076761656
-0.16096395
-0.10026836
-0.07613429
-0.06208652
-0.09702715
-0.109196596
-0.09824863
-0.19376259
-0.09681898
-0.09912295
-0.1273666
-0.06967561
-0.048997518
-0.0908757
-0.11370273
-0.12594704
-0.15555091
-0.10960431
-0.11945837
-0.06727896
-0.10198327
-0.121664114
-0.14942212
-0.19172877
-0.0813629
-0.20874436
-0.06705728
-0.21820405
-0.10303347
-0.08787713
-0.058732234
-0.1520823
-0.10098788
-0.12044069
-0.083025806
-0.06388583
-0.085999645
-0.09244649
-0.13997538
-0.14191715
-0.1010142
-0.11484783
-0.17834345
-0.07017606
-0.09022829
-0.07458344
-0.10454175
-0.053659987
-0.13501777
-0.09479156
-0.11677147
-0.13774642
-0.08947908
-0.1199188
-0.18968955
-0.12149008
-0.10623283
-0.10503499
-0.1616312
-0.09080082
-0.08029032
-0.10780794
-0.110710315
-0.16842575
-0.07143133
-0.11338974
-0.09484702
-0.092229895
-0.086827144
-0.1264636
-0.05907996
-0.14214551
-0.1473102
-0.15282749
-0.096075274
-0.091344334
-0.13944525
-0.07587638
-0.14059015
-0.17013252
-0.07267213
-0.09381197
-0.075131126
-0.09867601
-0.069606066
-0.050826076
-0.085260585
-0.11468225
-0.07563801
-0.05624124
-0.099571064
-0.09696868
-0.14490846
-0.05650565
-0.06741027
-0.13147332
-0.06922299
-0.11648582
-0.13452728
-0.08017734
-0.20175473
-0.121503204
-0.06486478
-0.082844645
-0.11988815
-0.10176682
-0.040711574
-0.09745787
-0.13225484
-0.122946784
-0.09801617
-0.15085737
-0.060967006
-0.08420308
-0.08891457
-0.097527936
-0.09850163
-0.08960676
-0.17015326
-0.120908216
-0.05372781
-0.084266596
-0.12513962
-0.10190549
-0.07406831
-0.10037499
-0.093387276
-0.10220906
-0.106895044
-0.11859397
-0.09161061
-0.13181174
-0.084822245
-0.08259105
-0.102337144
-0.10241308
-0.14035201
-0.12022833
-0.0959097
-0.0798404
-0.07282021
-0.11485454
-0.18586573
-0.051075198
-0.07982797
-0.09761879
-0.22189136
-0.102643095
-0.11896711
-0.05076281
-0.1299973
-0.13010095
-0.115966745
-0.13452064
-0.10442948
-0.15732847
-0.09263554
-0.10303819
-0.05569481
-0.15155758
-0.04273001
-0.086449176
-0.051722296
-0.09907581
-0.10857527
-0.088164516
-0.078156166
-0.1422082
-0.081947125
-0.07110876
-0.064595595
-0.10763253
-0.12332557
-0.07610106
-0.08110369
-0.14305252
-0.09855151
-0.10696953
-0.11787915
-0.07904034
-0.116193116
-0.0985472
-0.16423827
-0.062114708
-0.15160678
-0.07500067
-0.1003833
-0.11581584
-0.076195784
-0.11745144
-0.10150334
-0.13201696
-0.110914774
-0.11952584
-0.17528993
-0.06467394
-0.07691172
-0.08969319
-0.113557726
-0.12261026
-0.10631546
-0.16053846
-0.055358402
-0.062397726
-0.094076216
-0.05913346
-0.05875835
-0.09810911
-0.062982105
-0.12901029
-0.06057978
-0.041591614
-0.046197973
-0.12167014
-0.06091886
-0.18744679
-0.05590909
-0.12862925
-0.14921479
-0.13730185
-0.083982676
-0.06664481
-0.11045859
-0.10573417
-0.19482869
-0.13305974
-0.11246932
-0.12243825
-0.09138027
-0.06270323
-0.088575564
-0.11346237
-0.12943046
-0.1173034
-0.10843056
-0.04313597
-0.06399848
-0.123274505
-0.12079649
-0.15186924
-0.08258063
-0.14369257
-0.05690404
-0.1436909
-0.08033532
-0.08615057
-0.109953366
-0.05945403
-0.06370715
-0.076798916
-0.10223144
-0.076473884
-0.12335904
-0.10935723
-0.14402926
-0.11894738
-0.13774286
-0.13125148
-0.08206147
-0.12313177
-0.116638996
-0.108480096
-0.04721308
-0.11307916
-0.06916151
-0.10094705
-0.06123988
-0.075982876
-0.19153132
-0.06117993
-0.10435882
-0.09076169
-0.09241764
-0.102209926
-0.06453457
-0.08796947
-0.04075467
-0.16147195
-0.08288986
-0.048154354
-0.065475635
-0.15359583
-0.057850946
-0.10604075
-0.09703882
-0.14935312
-0.13978222
-0.1276276
-0.121891655
-0.084813364
-0.07774737
-0.08152134
-0.1404499
-0.14109941
-0.09522759
-0.06418296
-0.13055314
-0.09916673
-0.094096996
-0.07478544
-0.15152697
-0.085105345
-0.18587026
-0.086379364
-0.049410153
-0.08326221
-0.06816446
-0.05080496
-0.119636014
-0.1200069
-0.15129797
-0.092548735
-0.11926079
-0.054661985
-0.13409649
-0.08969174
-0.024730982
-0.09750067
-0.12010469
-0.06824006
-0.07188058
-0.16583367
-0.06827413
-0.14564139
-0.087561876
-0.08404939
-0.08938944
-0.12193157
-0.10731438
-0.082694255
-0.09820604
-0.100089155
-0.11918666
-0.13427785
-0.0919511
-0.106839135
-0.11053006
-0.10186402
-0.10910534
-0.060797602
-0.06319207
-0.062438704
-0.06279597
-0.055975597
-0.06716611
-0.08343743
-0.06816994
-0.071963795
-0.08139414
-0.101808734
-0.09649316
-0.12634099
-0.06960498
-0.1044243
-0.08699353
-0.13608141
-0.12212038
-0.08283679
-0.07901982
-0.07358904
-0.09075418
-0.13180263
-0.11570641
-0.07058779
-0.09039335
-0.086593956
-0.06904706
-0.1060835
-0.08654752
-0.07657638
-0.08059104
-0.13559172
-0.07173817
-0.14180459
-0.09417716
-0.05891104
-0.08891661
-0.1221389
-0.06707304
-0.11325749
-0.10957705
-0.14686564
-0.0986757
-0.07670417
-0.13010359
-0.15063295
-0.14914277
-0.14086097
-0.105988234
-0.079085685
-0.060551737
-0.13605303
-0.049154967
-0.0757699
-0.10627039
-0.12222311
-0.08102653
-0.080067374
-0.13565925
-0.08013068
-0.116130866
-0.10299503
-0.10365755
-0.09385869
-0.07181695
-0.11546061
-0.09379088
-0.06045419
-0.03885974
-0.09279818
-0.080226384
-0.074636504
-0.10171216
-0.09364868
-0.1214358
-0.059414167
-0.15695952
-0.1386309
-0.12370319
-0.079759754
-0.081015594
-0.1632805
-0.08980908
-0.07667004
-0.120597005
-0.11561229
-0.0877589
-0.06721054
-0.09666545
-0.07894649
-0.16617692
-0.089165755
-0.12105624
-0.16260102
-0.117792845
-0.10837938
-0.1242739
-0.13632911
-0.08284699
-0.085084714
-0.058021456
-0.07063986
-0.12084832
-0.0528675
-0.10721178
-0.124906585
-0.12674573
-0.091900684
-0.103297345
-0.05622933
-0.087977454
-0.082206964
-0.10572392
-0.13896248
-0.03694199
-0.09355515
-0.11075799
-0.10568873
-0.12888175
-0.13650581
-0.071695715
-0.08606994
-0.11897248
-0.12546377
-0.073291756
-0.118806414
-0.10052804
-0.08990884
-0.07158016
-0.095462486
-0.06948358
-0.114669144
-0.17264645
-0.19459577
-0.05332803
-0.09421691
-0.05060075
-0.15677018
-0.14192343
-0.108475015
-0.10972978
-0.14447111
-0.09788702
-0.21693085
-0.10869791
-0.073796384
-0.1632133
-0.05214059
-0.09016779
-0.09434297
-0.13680495
-0.105452016
-0.15912555
-0.13637511
-0.09255537
-0.16570146
-0.16893692
-0.0727237
-0.035369184
-0.11865354
-0.1447134
-0.09167968
-0.052940667
-0.07993201
-0.10660186
-0.059239697
-0.07008463
-0.105303876
-0.039980732
-0.078061506
-0.11920369
-0.065167114
-0.06114421
-0.099956
-0.11008328
-0.098714694
-0.1427975
-0.10720431
-0.14841177
-0.18105495
-0.100891314
-0.06538077
-0.073649004
-0.10688218
-0.089679815
-0.05490456
-0.117187425
-0.15394549
-0.15399937
-0.159923
-0.09329049
-0.13825686
-0.07881364
-0.042713072
-0.09217399
-0.1264889
-0.23098888
-0.11278951
-0.069652565
-0.109715454
-0.07809257
-0.05863776
-0.099987745
-0.08153244
-0.12743127
-0.07900477
-0.10439594
-0.0937951
-0.09528783
-0.115856975
-0.12288666
-0.06366705
-0.105789796
-0.039827783
-0.1241359
-0.0996302
-0.119367115
-0.08129909
-0.09822579
-0.12104855
-0.077396035
-0.094554335
-0.07821547
-0.09462197
-0.12424331
-0.095589094
-0.1447665
-0.10423528
-0.21722427
-0.08493591
-0.095955044
-0.11726007
-0.104725
-0.11045347
-0.099123
-0.06174214
-0.122366466
-0.11532364
-0.10087244
-0.03511479
-0.100554064
-0.11528176
-0.13649383
-0.13032077
-0.15618205
-0.14343423
-0.06825706
-0.07595772
-0.1530893
-0.038314003
-0.14001657
-0.04072476
-0.14701708
-0.08602602
-0.1421107
-0.18473378
-0.054518875
-0.08228942
-0.09095133
-0.106808454
-0.09458929
-0.068932645
-0.15989064
-0.050136488
-0.111534975
-0.1142947
-0.07852784
-0.13653454
-0.09204426
-0.092982255
-0.07288565
-0.081234284
-0.11174558
-0.081994504
-0.078576155
-0.10621153
-0.20263773
-0.110253766
-0.124916136
-0.13280064
-0.044099417
-0.1542256
-0.07655635
-0.091842294
-0.04973605
-0.13312253
-0.14048019
-0.08360546
-0.07535362
-0.09249827
-0.1184028
-0.12390786
-0.053914975
-0.054468855
-0.11126223
-0.10676878
-0.13781993
-0.12855929
-0.07643273
-0.07178506
-0.16188201
-0.06980217
-0.09265518
-0.085587375
-0.064214505
-0.070737585
-0.13090974
-0.1514405
-0.10007452
-0.061171405
-0.10378436
-0.14397705
-0.14630027
-0.08536984
-0.13214442
-0.08344113
-0.10010891
-0.12214596
-0.08933406
-0.05038953
-0.07431519
-0.13353062
-0.173208
-0.13133313
-0.16689698
-0.09083715
-0.09390356
-0.09181651
-0.10643293
-0.07177388
-0.07078358
-0.23417275
-0.11942885
-0.23960996
-0.123449884
-0.06608179
-0.15978484
-0.0689705
-0.1150049
-0.10682686
-0.08706231
-0.072460555
-0.10187301
-0.08586059
-0.11832621
-0.1740919
-0.14016037
-0.05943235
-0.096761875
-0.05607482
-0.17437859
-0.07566934
-0.118605845
-0.11701436
-0.15161437
-0.0517085
-0.10935326
-0.10754849
-0.073617354
-0.07628354
-0.21761906
-0.015022972
-0.07970527
-0.17836219
-0.03488225
-0.08313415
-0.08582654
-0.08628478
-0.14228253
-0.15557285
-0.12203615
-0.05156942
-0.077439964
-0.13909297
-0.12336749
-0.0758137
-0.1712327
-0.10394175
-0.11376169
-0.13780347
-0.16827512
-0.065983176
-0.12519978
-0.07803729
-0.06794474
-0.10198479
-0.18397841
-0.15910979
-0.112218685
-0.08657111
-0.11397142
-0.12312436
-0.08740419
-0.08185711
-0.12517071
-0.07486006
-0.095220916
-0.08127427
-0.1066388
-0.054254465
-0.12375064
-0.11837242
-0.08399879
-0.075756446
-0.1987443
-0.08189145
-0.109749086
-0.08488879
-0.08810341
-0.1472787
-0.10069781
-0.054835893
-0.08282143
-0.10281692
-0.07705288
-0.077889554
-0.110454686
-0.12922232
-0.09138505
-0.09098739
-0.1408654
-0.06463509
-0.1078684
-0.09465511
-0.10916863
-0.16184764
-0.116221935
-0.11470175
-0.10810846
-0.20251742
-0.057469755
-0.12980627
-0.13260996
-0.11358115
-0.20950593
-0.06538485
-0.058641654
-0.09048303
-0.15062721
-0.049115703
-0.11154637
-0.06526691
-0.069766164
-0.06864453
-0.19054237
-0.13884327
-0.11428569
-0.11717772
-0.083446115
-0.12228522
-0.07559095
-0.06718674
-0.05762895
-0.1534972
-0.09780785
-0.056007713
-0.091210775
-0.05518502
-0.12292311
-0.08228817
-0.095166594
-0.054389838
-0.071210265
-0.086988054
-0.12352563
-0.10279047
-0.07133122
-0.0940323
-0.07859478
-0.16691229
-0.067594394
-0.097088136
-0.06260548
-0.062965445
-0.13406926
-0.071012534
-0.13198133
-0.123770796
-0.09695961
-0.052096546
-0.0530768
-0.12453333
-0.100654565
-0.120498344
-0.10909918
-0.06600727
-0.10075607
-0.09148822
-0.07611353
-0.04750614
-0.09847747
-0.06275936
-0.10738006
-0.11547115
-0.08622755
-0.08031875
-0.14451136
-0.1500767
-0.115542226
-0.08790895
-0.074063964
-0.091939695
-0.14036
-0.06176611
-0.088853784
-0.10670394
-0.089100175
-0.14286846
-0.06751796
-0.19435784
-0.076848075
-0.113957815
-0.09266695
-0.10601637
-0.094738774
-0.055313878
-0.07433521
-0.083025716
-0.099666335
-0.089046605
-0.085923664
-0.11319151
-0.10402424
-0.03481813
-0.14738388
-0.12341424
-0.07258407
-0.08994625
-0.10362514
-0.1423467
-0.04348855
-0.078803174
-0.15703839
-0.15688755
-0.11932241
-0.09773576
-0.107557766
-0.10261725
-0.21955745
-0.0709876
-0.08878489
-0.06564505
-0.094107404
-0.103109814
-0.10385339
-0.07557911
-0.11341243
-0.13238446
-0.0695339
-0.092362
-0.058180604
-0.1176772
-0.10069394
-0.1409272
-0.07805317
-0.06150393
-0.032219965
-0.07719216
-0.08178593
-0.07535788
-0.09432885
-0.103083104
-0.0949381
-0.04700657
-0.12835056
-0.10129524
-0.11968677
-0.10956652
-0.099212006
-0.16765751
-0.117622666
-0.15764931
-0.08795266
-0.111384206
-0.107493296
-0.05858971
-0.04895151
-0.09054929
-0.08924602
-0.10212163
-0.15773848
-0.08450297
-0.08783653
-0.096666366
-0.08604112
-0.1372418
-0.09001505
-0.07958546
-0.093845755
-0.092403054
-0.13757542
-0.0991291
-0.08339532
-0.14190257
-0.12586659
-0.19148535
-0.07763668
-0.112010285
-0.12372932
-0.13108651
-0.08623402
-0.07417922
-0.11528041
-0.09751126
-0.061343096
-0.06216301
-0.10908696
-0.06549574
-0.1479839
-0.14039919
-0.057422668
-0.15723965
-0.10478302
-0.06520942
-0.08993654
-0.06993187
-0.07181146
-0.06422961
-0.08270496
-0.12702271
-0.0624064
-0.10132393
-0.07452308
-0.10544671
-0.07997855
-0.12095255
-0.12089774
-0.09688728
-0.16984062
-0.1954419
-0.106222615
-0.09366217
-0.05800108
-0.07992238
-0.06417065
-0.07784344
-0.09628755
-0.11192166
-0.06916698
-0.08725486
-0.114509225
-0.14822122
-0.12863575
-0.05740336
-0.13211127
-0.07196803
-0.065408066
-0.0731092
-0.060183167
-0.23106901
-0.07023757
-0.049814522
-0.13694176
-0.059928317
-0.054527704
-0.09527506
-0.09645984
-0.114422224
-0.12706214
-0.07497649
-0.14721867
-0.13365598
-0.21259096
-0.09184021
-0.08536114
-0.08312565
-0.099686556
-0.072242305
-0.114670575
-0.14922445
-0.044278786
-0.12424257
-0.11666851
-0.104487285
-0.08271489
-0.08007445
-0.1591667
-0.1601112
-0.11067213
-0.09682501
-0.2061358
-0.13455574
-0.0985265
-0.07334245
-0.11313525
-0.13910107
-0.07345457
-0.09673553
-0.07725346
-0.06329286
-0.04666837
-0.057652842
-0.11028366
-0.055977833
-0.07719861
-0.12889813
-0.12006975
-0.11638422
-0.115890026
-0.18733573
-0.07978695
-0.06827577
-0.16255052
-0.08532142
-0.17880705
-0.10543154
-0.049355756
-0.068156205
-0.08957727
-0.14037666
-0.0759858
-0.1130225
-0.06618034
-0.07764856
-0.07597006
-0.17773733
-0.076650724
-0.07238648
-0.07831408
-0.19559586
-0.1642705
-0.059432544
-0.0925463
-0.076499864
-0.12126484
-0.17866236
-0.18433592
-0.10734758
-0.07985645
-0.06921624
-0.058564328
-0.11656726
-0.15213075
-0.07473506
-0.12735613
-0.06114392
-0.09449991
-0.11027919
-0.07298801
-0.112541385
-0.11702375
-0.07707899
-0.1251223
-0.12231197
-0.11530986
-0.08647411
