64
0.3142816
-0.71045995
0.050968204
0.15134278
-0.3957554
-0.5036206
-0.042603463
-0.6271193
-0.20877475
-1.2265507
-1.015473
-0.2344695
-0.73097116
-1.2254586
0.17434934
0.19707865
-0.37096637
-0.9761697
0.8108672
0.22700685
-0.73403525
0.38197625
0.54043007
0.8288061
-0.23341653
-0.21990664
-0.58323216
0.17045899
-0.025916522
-0.27844664
-0.0032946737
-0.3934318
0.61148185
0.06458654
0.53834665
-0.14160864
0.35154343
-0.113136135
-0.07476429
-0.74172956
0.8930327
-0.06298037
-0.42589107
0.50687116
1.0576723
-0.3184217
1.1885017
-0.7644483
-0.13733105
0.6932338
-1.1683571
1.1254659
-0.5484566
0.9835341
0.6021798
-0.055323415
0.23909572
0.15163511
0.038549874
0.40828198
0.8989952
0.21816275
-0.27946454
-0.3229072
