64
-0.21753389
-1.1842228
-0.02773557
-0.04888788
0.1389936
-0.7107317
1.1495394
0.119390815
0.2598277
0.36152843
-0.36421993
-0.5222909
0.72145027
0.4844637
-0.51771635
-0.921844
0.7472921
0.2000916
0.4894881
-1.3590072
-0.12712358
-0.86480176
0.008347252
-0.5112228
0.4858382
0.056950673
-0.10932868
-0.23510948
0.5020322
-0.30174723
-0.591197
-0.48055798
0.28292477
-0.12229473
0.68244815
-0.013547259
-0.31412554
0.61649746
0.25373292
0.438101
-0.20458683
-0.5527731
0.4353369
0.7107356
0.6634952
0.13409063
-0.014259566
0.38580734
-0.1590868
-0.089809604
0.22047853
0.3376684
0.508411
0.54401815
-0.7690611
0.32867587
-0.40962324
-0.41734913
-0.09636733
0.2697839
0.11519471
-0.43623367
-0.33075017
0.52863497
